10000000000000000000000000000006
00000009999000000000000000000000
00000009999000000000000000000000
00000009999000000000000000000000
00000000000000000000000000000000
00000000999000000000000000000009
00000000000000000000000000000000
00000000000000000900000000000000
00000000000000000000000000000000
00000000999000000000000000000000
00000000000000000000000000000000
00000000000000000000000000000000
00000000000000000090000000000000
00000000000000000000000000000000
00000000000000000000000000000000
00000000900000000000000000000000
00000000000000000000000000000000
00000000000000000000000000000000
00000000900000000000000000000000
00000000000000000000000000000000
00000000000000000000000000000000
00000000000000000000000000000000
00000000900000000000000000000000
00000000000000000000000000000000
00000000000000000000000000000000
00000000000000000000000000000000
00000000000000000000000000000000
00000000900000000000000000000000
00000000000000000000000000000000
00000000000000000000000000000000
00000000000000000000000000000000
00000000000000000000000000000002
